Żaneta Żurańska 251672
Mateusz Lipiński 251570 

Dane:
Macierz A: [
  [      1.00,       5.00,       3.00,       4.00],
  [      5.00,       8.00,       7.00,       8.00],
  [      9.00,       2.00,      11.00,      12.00],
  [      0.00,       0.00,       1.00,       1.00]
]
Macierz B: [
  [      1.00,       2.00,       1.00,       1.00],
  [      2.00,       1.00,       2.00,       2.00],
  [      3.00,       3.00,       1.00,       2.00],
  [      4.00,       4.00,       4.00,       1.00]
]
Skalar: 3

Wynik dodawania macierzy A+B: [
  [      2.00,       7.00,       4.00,       5.00],
  [      7.00,       9.00,       9.00,      10.00],
  [     12.00,       5.00,      12.00,      14.00],
  [      4.00,       4.00,       5.00,       2.00]
]

Wynik odejmowania macierzy A-B: [
  [      0.00,       3.00,       2.00,       3.00],
  [      3.00,       7.00,       5.00,       6.00],
  [      6.00,      -1.00,      10.00,      10.00],
  [     -4.00,      -4.00,      -3.00,       0.00]
]

Wynik mnozenia przez skalar macierzy A: [
  [      3.00,      15.00,       9.00,      12.00],
  [     15.00,      24.00,      21.00,      24.00],
  [     27.00,       6.00,      33.00,      36.00],
  [      0.00,       0.00,       3.00,       3.00]
]

Wynik mnozenia macierzy A*B: [
  [     36.00,      32.00,      30.00,      21.00],
  [     74.00,      71.00,      60.00,      43.00],
  [     94.00,     101.00,      72.00,      47.00],
  [      7.00,       7.00,       5.00,       3.00]
]

Tworzenie macierzy jednostkowej: [
  [      1.00,       0.00,       0.00,       0.00],
  [      0.00,       1.00,       0.00,       0.00],
  [      0.00,       0.00,       1.00,       0.00],
  [      0.00,       0.00,       0.00,       1.00]
]

Macierz odwrotna do macierzy A: [
  [     -0.17,       0.08,       0.08,      -1.00],
  [     -0.11,       0.22,      -0.11,       0.00],
  [     -1.72,       1.19,      -0.47,       3.00],
  [      1.72,      -1.19,       0.47,      -2.00]
]

Transpozycja macierzy A: [
  [      1.00,       5.00,       9.00,       0.00],
  [      5.00,       8.00,       2.00,       0.00],
  [      3.00,       7.00,      11.00,       1.00],
  [      4.00,       8.00,      12.00,       1.00]
]

Transformacje o wektor: (2.00, 5.00, 3.00) przedstawiona za pomoca macierzy wyglada nastepujaco:
[
  [      1.00,       0.00,       0.00,       2.00],
  [      0.00,       1.00,       0.00,       5.00],
  [      0.00,       0.00,       1.00,       3.00],
  [      0.00,       0.00,       0.00,       1.00]
]

Skalowanie o wektor: (1.00, 2.00, 3.00) przedstawiona za pomoca macierzy wyglada nastepujaco:
[
  [      1.00,       0.00,       0.00,       0.00],
  [      0.00,       2.00,       0.00,       0.00],
  [      0.00,       0.00,       3.00,       0.00],
  [      0.00,       0.00,       0.00,       1.00]
]

Obrot na osi X o 90 stopni: [
  [      1.00,       0.00,       0.00,       0.00],
  [      0.00,      -0.00,      -1.00,       0.00],
  [      0.00,       1.00,      -0.00,       0.00],
  [      0.00,       0.00,       0.00,       1.00]
]

Obrot na osi Y o 90 stopni: [
  [     -0.00,       0.00,       1.00,       0.00],
  [      0.00,       1.00,       0.00,       0.00],
  [     -1.00,       0.00,      -0.00,       0.00],
  [      0.00,       0.00,       0.00,       1.00]
]

Obrot na osi Z o 90 stopni: [
  [     -0.00,      -1.00,       0.00,       0.00],
  [      1.00,      -0.00,       0.00,       0.00],
  [      0.00,       0.00,       1.00,       0.00],
  [      0.00,       0.00,       0.00,       1.00]
]

Obrot o 90 stopni na osi X, 45 na Y i 90 na Z: [
  [     -0.00,       0.00,       1.00,       0.00],
  [      0.71,       0.71,       0.00,       0.00],
  [     -0.71,       0.71,      -0.00,       0.00],
  [      0.00,       0.00,       0.00,       1.00]
]

Skladanie przeksztalcen np transformacja (2.00, 5.00, 3.00) i skala (1.00, 2.00, 3.00):
[
  [      1.00,       0.00,       0.00,       2.00],
  [      0.00,       2.00,       0.00,       5.00],
  [      0.00,       0.00,       3.00,       3.00],
  [      0.00,       0.00,       0.00,       1.00]
]

Obrocenie wektora na osi Y o 90 stopni: (-0.00, 0.00, -1.00)

Brak przemiennosci mnozenia macierzy:
Mnozenie A*B:
[
  [     36.00,      32.00,      30.00,      21.00],
  [     74.00,      71.00,      60.00,      43.00],
  [     94.00,     101.00,      72.00,      47.00],
  [      7.00,       7.00,       5.00,       3.00]
]
Mnozenie B*A:
[
  [     20.00,      23.00,      29.00,      33.00],
  [     25.00,      22.00,      37.00,      42.00],
  [     27.00,      41.00,      43.00,      50.00],
  [     60.00,      60.00,      85.00,      97.00]
]